0 6600 7000 5500 6000
5500 0 779 1400 1600
6100 936 0 602 840
6700 1300 1300 0 583
7000 1900 2400 646 0

 
0 6000 3700 4800
5700 0 2400 790
3600 2300 0 1400
4500 790 1600 0

 
0 9100 5900 6900 7200 5400 6400
7400 0 1200 1800 2800 7300 1600
6100 1200 0 427 1500 2300 1400
5700 2100 783 0 1100 1900 2100
4800 4500 2000 2800 0 765 1500
4100 3400 2100 2600 2800 0 825
3500 3500 2200 2700 2000 969 0

 
0 30300 29000 25100 20800
29400 0 2000 2300 4400
28500 1700 0 1900 3500
25300 3500 2200 0 2000
20500 4500 2900 2100 0

 NONE
 
0 14300 11100 5100 1900
11100 0 2100 4600 10000
12800 1500 0 4300 9700
4200 5400 5600 0 5100
1300 13100 9900 8700 0

 
0 8300 8000 5600
5700 0 1100 3100
5700 2200 0 1900
4600 3900 2700 0

 
0 14600 13700 11100 10200
14000 0 2400 3500 7000
12500 2800 0 1400 4300
10300 3500 2100 0 2800
8900 8500 5000 2700 0

 
0 8900 5000 6000 5800 5200
7400 0 2500 1400 3400 4400
5600 3000 0 1500 992 1900
6000 1600 1600 0 2000 3000
4800 3600 1200 1900 0 1200
3600 7200 1800 3400 1400 0

 
0 11100 29300 11300 11400 6600 7200
13900 0 1600 1500 1500 3200 17300
24800 19800 0 20100 20200 21900 9600
8900 1000 20700 0 837 2900 18400
9500 1700 2100 1100 0 2000 18500
8000 3300 21700 2800 1700 0 4300
7200 7300 10800 18200 18300 19600 0



0 11100 7600 6700 6800 7000 8400
10600 0 5700 2900 2800 3300 3400
7000 5000 0 6000 6100 6300 9100
6400 2700 6400 0 459 727 2200
8100 2300 6700 411 0 270 1800
8400 2100 6800 863 706 0 1600
11200 3600 14300 2800 2700 2400 0
 
 
0 12800 6800 6400 5000
14000 0 5300 6200 6100
7400 8400 0 1300 1400
6400 4900 211 0 939
5600 7500 999 1300 0

 
0 6500 4500 4500 3700 1000
6500 0 2000 2800 3800 7000
4500 1900 0 872 1800 5000
4600 2800 872 0 1100 5100
3700 3400 1500 1400 0 4300
1500 5500 3500 525 2700 0

 
0 4000 4900 3300 14200 2300
3600 0 2000 1100 13300 2400
3800 910 0 1100 20200 3900
2800 1300 1900 0 13400 1100
13200 11600 11300 16800 0 18700
2300 2300 2800 927 16800 0

  
0 2600 3200 1900
3100 0 898 1200
3100 898 0 257
1900 1200 1300 0

 
0 5000 3000
3400 0 3300
2400 4000 0

 
0 3400 3100 1800
3300 0 2100 1800
2600 1400 0 1200
1400 1900 2300 0

 
0 5900
5600 0

 
0 3100 1500
2100 0 1300
1500 2000 0
